cam1:
  rectification_matrix:
  - [ 0.21698911683, -0.00616454252,  0.97615455825] 
  - [ 0.00616454252,  0.99996877410,  0.00494461799] 
  - [-0.97615455825,  0.00494461799,  0.21702034274] 
  projection_matrix:
  - [95.61581433171,  0.00000000000, 71.75032914571,  0.00000000000] 
  - [ 0.00000000000, 95.61581433171, 248.89401622199,  0.00000000000] 
  - [ 0.00000000000,  0.00000000000,  1.00000000000,  0.00000000000] 
  camera_model: pinhole
  intrinsics: [530.766, 532.796, 295.858, 266.729]
  distortion_model: equidistant
  distortion_coeffs: [-0.0865375, 0.0379966, -0.142482, 0.188395]
  resolution: [640, 480]
  rostopic: /cam1/image_raw
cam2:
  T_cn_cnm1:
  - [ 1.00000000000,  0.00000000000,  0.00000000000, -0.09456929468] 
  - [ 0.00000000000,  1.00000000000,  0.00000000000,  0.00268666222] 
  - [ 0.00000000000,  0.00000000000,  1.00000000000, -0.42543263310] 
  - [ 0.00000000000,  0.00000000000,  0.00000000000,  1.00000000000] 
  rectification_matrix:
  - [ 0.21698911683, -0.00616454252,  0.97615455825] 
  - [ 0.00616454252,  0.99996877410,  0.00494461799] 
  - [-0.97615455825,  0.00494461799,  0.21702034274] 
  projection_matrix:
  - [95.61581433171,  0.00000000000, 71.75032914571, -41.67176836230] 
  - [ 0.00000000000, 95.61581433171, 248.89401622199,  0.00000000000] 
  - [ 0.00000000000,  0.00000000000,  1.00000000000,  0.00000000000] 
  camera_model: pinhole
  intrinsics: [502.042, 503.815, 312.938, 235.962]
  distortion_model: equidistant
  distortion_coeffs: [-0.106486, 0.181021, -0.421192, 0.322884]
  resolution: [640, 480]
  rostopic: /cam2/image_raw
cam3:
  T_cn_cnm1:
  - [ 0.55282591712, -0.63906681087,  0.53476828309, -0.26547304521] 
  - [ 0.59421242662, -0.14758878618, -0.79065108755,  4.55733093679] 
  - [ 0.58420467082,  0.75485837178,  0.29815053438,  1.24052415689] 
  - [ 0.00000000000,  0.00000000000,  0.00000000000,  1.00000000000] 
  camera_model: pinhole
  intrinsics: [552.02, 554.764, 322.771, 215.864]
  distortion_model: equidistant
  distortion_coeffs: [-0.034713, -0.766623, 2.61785, -2.9209]
  resolution: [640, 480]
  rostopic: /cam3/image_raw
cam4:
  T_cn_cnm1:
  - [-0.11584734956, -0.73637977204, -0.66657649443,  2.95996682510] 
  - [ 0.42757548702, -0.64270399272,  0.63569708245,  0.37872122983] 
  - [-0.89652584709, -0.21136794712,  0.38931349377,  3.24359409812] 
  - [ 0.00000000000,  0.00000000000,  0.00000000000,  1.00000000000] 
  camera_model: pinhole
  intrinsics: [588.09, 589.288, 331.611, 253.21]
  distortion_model: equidistant
  distortion_coeffs: [-0.21185, 0.355238, -1.10618, 1.04693]
  resolution: [640, 480]
  rostopic: /cam4/image_raw
cam5:
  T_cn_cnm1:
  - [ 0.73912828052, -0.37410168722,  0.56012258708, -1.26411876087] 
  - [ 0.44519382691,  0.89537216829,  0.01054214060,  0.08618479270] 
  - [-0.50546200789,  0.24157112383,  0.82834265296,  0.02890196538] 
  - [ 0.00000000000,  0.00000000000,  0.00000000000,  1.00000000000] 
  camera_model: pinhole
  intrinsics: [502.042, 503.815, 312.938, 235.962]
  distortion_model: equidistant
  distortion_coeffs: [-0.106486, 0.181021, -0.421192, 0.322884]
  resolution: [640, 480]
  rostopic: /cam5/image_raw
cam6:
  T_cn_cnm1:
  - [ 0.71543477121, -0.37621354049,  0.58874142040, -1.00055216725] 
  - [ 0.56997231254, -0.17308082919, -0.80322760753,  2.05399963508] 
  - [ 0.40408495527,  0.91022326850,  0.09060325825,  2.28038555419] 
  - [ 0.00000000000,  0.00000000000,  0.00000000000,  1.00000000000] 
  camera_model: pinhole
  intrinsics: [552.02, 554.764, 322.771, 215.864]
  distortion_model: equidistant
  distortion_coeffs: [-0.034713, -0.766623, 2.61785, -2.9209]
  resolution: [640, 480]
  rostopic: /cam6/image_raw
